---------------------
  #    meV     cm^-1
---------------------
  0    4.5      36.4
  1    5.1      41.5
  2    7.4      59.9
  3    9.4      76.2
  4   12.1      97.9
  5   12.4     100.1
  6   15.0     120.7
  7   15.2     122.2
  8   18.3     147.5
  9   18.7     150.5
 10   24.1     194.7
 11   24.4     197.2
 12   27.5     221.8
 13   28.0     226.1
 14   28.9     232.7
 15   30.6     246.5
 16   32.2     259.5
 17   34.1     274.9
 18   44.1     355.6
 19   44.7     360.2
 20   54.0     435.7
 21   54.1     436.2
 22   56.8     458.5
 23   57.0     459.6
 24   79.7     642.9
 25   80.0     645.4
 26   84.8     683.6
 27   84.8     684.1
 28   90.7     731.9
 29   90.8     732.0
 30  100.2     808.2
 31  100.2     808.6
 32  108.1     871.9
 33  108.3     873.4
 34  112.9     910.8
 35  112.9     910.8
 36  120.2     969.8
 37  121.1     976.9
 38  128.1    1033.0
 39  128.3    1034.8
 40  129.5    1044.2
 41  129.5    1044.4
 42  134.3    1083.3
 43  134.5    1084.5
 44  138.1    1113.5
 45  138.1    1113.7
 46  148.0    1193.7
 47  148.0    1193.9
 48  149.3    1204.0
 49  149.3    1204.3
 50  161.8    1305.3
 51  161.9    1305.6
 52  163.1    1315.2
 53  163.1    1315.4
 54  179.7    1449.8
 55  179.8    1450.0
 56  181.1    1460.4
 57  181.2    1461.4
 58  364.7    2941.6
 59  364.8    2942.0
 60  367.2    2961.8
 61  367.3    2962.1
 62  375.8    3030.7
 63  375.8    3030.9
 64  378.1    3049.9
 65  378.3    3051.5
---------------------
Zero-point energy: 4.026 eV